616,38,319,1
310,607,1137,2
320,4025,618,3
530,8868,1240,4
303,46,1314,5
1109,2837,774,6
521,2624,237,7
124,8094,1294,8
617,3109,307,9
1106,1924,192,10
324,3806,262,11
1113,8368,271,12
822,3741,439,13
522,1842,355,14
816,408,672,15
617,65,385,16
627,1100,166,17
518,139,1037,18
219,2800,1368,19
108,5611,44,20
304,7464,90,21
320,1841,593,22
1021,1624,5,23
809,2521,459,24
1025,5234,522,25
1029,6734,249,26
1110,8395,1230,27
504,728,359,28
1123,384,156,29
821,2474,449,30
1113,7818,228,31
325,2312,356,32
629,4674,613,33
518,1668,660,34
621,4734,133,35
416,102,816,36
425,3561,282,37
624,2504,720,38
730,3975,184,39
724,3428,353,40
929,8074,598,41
1005,6206,292,42
116,7671,346,43
510,2509,617,44
802,8846,368,45
1126,6307,784,46
726,8883,674,47
1026,3021,519,48
524,4447,848,49
913,1644,1087,50
324,20,316,51
1027,3747,1380,52
223,8381,726,53
1223,4206,728,54
114,2752,150,55
330,87,438,56
427,4304,895,57
306,2661,249,58
501,8531,1226,59
1019,2219,451,60
207,1354,803,61
910,2838,370,62
926,2382,198,63
112,135,1324,64
1213,3112,264,65
827,1575,482,66
1227,3901,480,67
928,8295,618,68
202,6851,1343,69
523,8312,557,70
402,6255,359,71
326,6612,656,72
1029,2412,255,73
712,8303,168,74
105,3725,676,75
428,7853,778,76
619,73,1020,77
513,6258,1323,78
803,1378,549,79
1122,3905,1339,80
1222,5832,553,81
429,5341,172,82
203,7504,286,83
707,8478,341,84
523,2443,718,85
1028,7200,35,86
206,1714,937,87
915,6838,310,88
521,8851,166,89
603,1273,1462,90
1020,2101,501,91
417,6262,41,92
624,2387,557,93
908,8361,1520,94
620,1265,3,95
622,8846,359,96
1014,6022,707,97
1003,6641,1313,98
807,1046,1305,99
322,6461,1219,100
213,7782,1321,101
1026,6236,819,102
1122,6047,120,103
718,4168,108,104
310,3105,1380,105
422,8002,1214,106
1123,7753,155,107
508,6211,244,108
1123,551,1660,109
313,3812,413,110
912,3101,585,111
128,4107,449,112
906,6225,820,113
1231,3139,136,114
519,7126,148,115
330,2252,240,116
706,2311,247,117
704,2133,1342,118
1121,3367,589,119
526,867,108,120
328,6563,2262,121
522,1481,402,122
118,3258,925,123
527,6104,301,124
927,267,385,125
824,6267,1352,126
227,8215,392,127
518,486,1039,128
330,3032,216,129
502,7407,165,130
521,6536,168,131
516,8177,517,132
625,2735,683,133
1028,3700,231,134
810,6041,575,135
724,1741,111,136
402,666,379,137
827,4144,283,138
627,1465,235,139
211,6941,741,140
808,8321,266,141
224,7234,944,142
111,3228,609,143
303,240,1097,144
611,3117,177,145
818,7790,1396,146
624,8448,677,147
211,3522,621,148
928,157,380,149
712,8105,163,150
1212,3501,1350,151
1213,3166,1676,152
1004,4237,105,153
227,5303,268,154
1013,8125,576,155
414,8130,489,156
524,7461,570,157
1127,4123,1150,158
204,453,353,159
413,3976,334,160
302,4106,615,161
416,3556,1053,162
1223,1197,612,163
714,4607,408,164
1115,619,552,165
625,3714,1170,166
1026,967,792,167
315,3804,707,168
1115,8267,830,169
323,8731,133,170
522,8146,428,171
1026,2319,544,172
531,6752,1362,173
222,7205,491,174
216,306,275,175
913,3921,1324,176
830,3275,1500,177
1103,6564,562,178
214,1437,87,179
1020,7833,884,180
928,1533,392,181
217,516,647,182
305,6536,265,183
1014,8104,731,184
315,2366,843,185
224,5164,1074,186
829,3774,803,187
319,2436,632,188
608,8812,802,189
818,1405,1522,190
120,678,164,191
822,8604,578,192
908,1127,214,193
222,1643,346,194
1022,4157,162,195
816,4421,479,196
1008,719,639,197
703,7733,680,198
105,6727,795,199
930,6222,747,200
1117,3919,178,201
830,756,161,202
919,5701,1403,203
827,2503,321,204
213,6774,1330,205
606,450,517,206
716,853,1311,207
510,8094,397,208
203,8284,95,209
413,3434,271,210
224,555,1313,211
904,1533,280,212
227,1608,377,213
1014,271,839,214
720,3733,633,215
820,8481,191,216
411,2281,1327,217
1028,757,1395,218
912,8259,1099,219
1129,8182,33,220
307,181,285,221
1106,5664,1313,222
714,6132,415,223
506,2522,710,224
305,7675,270,225
911,6601,431,226
508,8185,47,227
416,3914,678,228
1127,5506,794,229
611,7114,346,230
913,3368,1347,231
311,8062,150,232
1015,4137,1289,233
1213,1257,2,234
506,6954,1386,235
1121,6351,614,236
917,3831,633,237
202,2116,1327,238
326,8307,670,239
306,4541,136,240
820,929,190,241
809,3733,459,242
201,1268,1013,243
909,2407,104,244
403,8473,565,245
624,7774,671,246
609,2519,1360,247
319,7700,460,248
713,8368,538,249
316,4115,64,250
801,3281,15,251
821,5146,363,252
1031,8873,430,253
531,6135,752,254
917,7752,640,255
103,8551,328,256
924,108,716,257
822,872,699,258
1108,8400,334,259
423,5314,85,260
722,5313,871,261
616,6361,330,262
407,6552,258,263
404,2146,849,264
424,463,102,265
1124,2427,151,266
714,4606,414,267
224,7806,1071,268
901,6803,1338,269
828,3535,479,270
625,8162,1069,271
312,4552,299,272
706,2666,297,273
213,5378,1453,274
1012,5183,552,275
927,1806,266,276
904,6471,272,277
1002,7517,611,278
916,56,343,279
608,6003,781,280
115,156,271,281
721,3633,604,282
425,5513,126,283
921,6036,399,284
217,3227,487,285
601,2302,739,286
1008,6417,934,287
1105,3877,1651,288
214,1923,135,289
219,5112,26,290
829,7790,510,291
1030,7806,235,292
528,263,471,293
614,8191,68,294
919,4225,2109,295
408,3576,440,296
205,3377,287,297
903,216,296,298
1002,2663,980,299
418,2479,52,300
117,6813,513,301
228,3602,631,302
1219,1364,222,303
908,3755,175,304
611,914,386,305
1027,3873,45,306
124,6323,971,307
1015,726,1070,308
304,5402,136,309
930,1802,1234,310
428,166,1374,311
406,2142,56,312
324,7674,375,313
809,4357,439,314
930,1055,761,315
207,775,772,316
414,337,416,317
308,6431,661,318
920,657,1374,319
1111,1943,181,320
1109,7503,512,321
1002,1644,860,322
718,2464,235,323
215,3673,327,324
1204,4622,678,325
731,4374,220,326
1121,4113,864,327
110,2512,450,328
413,8264,351,329
129,6727,631,330
728,1601,1386,331
728,361,785,332
717,515,2393,333
514,2372,150,334
316,8115,1387,335
222,4351,557,336
319,2833,305,337
129,8279,593,338
1108,3303,508,339
623,6424,434,340
620,1961,1379,341
217,3918,479,342
208,147,209,343
1206,818,942,344
630,516,609,345
620,752,1369,346
927,3877,449,347
407,3464,242,348
511,8865,580,349
830,774,1234,350
923,912,680,351
1127,59,805,352
627,5538,235,353
403,4353,574,354
711,6544,5,355
713,3943,337,356
413,2832,346,357
514,6330,130,358
625,7883,1055,359
218,2146,888,360
922,6106,418,361
713,6564,407,362
914,5522,139,363
603,8042,1778,364
818,1500,1152,365
1014,3937,850,366
216,2159,534,367
413,1238,366,368
709,1748,509,369
509,1395,260,370
513,2601,1104,371
429,8112,1385,372
1013,1301,716,373
812,704,1323,374
211,5369,591,375
209,5253,148,376
704,863,721,377
826,3773,349,378
1009,3358,893,379
314,2186,711,380
427,2056,524,381
710,2608,1384,382
310,8281,32,383
1102,731,397,384
1023,6275,227,385
201,3619,863,386
614,2479,1078,387
1020,251,1134,388
303,7152,867,389
123,956,578,390
224,7867,1315,391
306,1125,326,392
908,4511,193,393
606,6434,510,394
326,2139,493,395
421,3745,441,396
918,6611,1044,397
221,3232,233,398
419,1693,365,399
913,8866,1196,400
627,5115,39,401
820,2445,175,402
405,8561,1954,403
314,3154,667,404
1118,822,245,405
326,8233,405,406
1104,4168,833,407
410,410,893,408
910,662,225,409
927,1579,390,410
1124,8490,146,411
624,2437,548,412
402,7835,411,413
1005,8612,316,414
505,5241,552,415
406,1482,195,416
1024,2148,276,417
1002,6556,610,418
106,5326,792,419
1019,421,593,420
327,8439,807,421
918,2509,632,422
228,2636,503,423
918,89,778,424
127,5102,393,425
116,2326,478,426
806,2323,1316,427
228,639,571,428
504,612,337,429
219,2479,895,430
214,7749,270,431
218,8158,907,432
521,1127,169,433
206,3746,810,434
521,3015,215,435
1215,5327,316,436
1122,5114,1003,437
522,601,376,438
1210,8147,590,439
219,3429,29,440
710,3037,1355,441
1102,2565,582,442
424,8314,1761,443
1116,7664,791,444
513,1221,1323,445
510,6175,392,446
729,7462,1394,447
317,4117,175,448
520,2442,221,449
1017,1554,394,450
128,3326,444,451
830,1284,19,452
929,7742,468,453
415,3841,674,454
428,3142,929,455
1108,3241,600,456
501,1126,128,457
1128,8146,1360,458
821,2336,388,459
924,6123,1322,460
816,2267,656,461
827,1528,460,462
108,2388,193,463
118,4102,650,464
1025,1821,702,465
629,3300,584,466
704,7762,1332,467
415,1039,538,468
413,1248,265,469
330,6631,216,470
415,5831,656,471
807,3235,43,472
201,3808,617,473
226,8142,190,474
723,441,1330,475
822,3126,853,476
118,2411,805,477
1104,4152,1202,478
421,2505,555,479
317,5625,186,480
806,8220,1395,481
423,323,1315,482
328,5536,1260,483
925,3823,199,484
708,1454,520,485
1114,8881,558,486
1012,6100,406,487
1008,1329,785,488
1211,111,760,489
815,4365,299,490
407,1356,102,491
504,383,417,492
804,3836,379,493
906,4622,666,494
818,8298,1156,495
711,8562,206,496
325,8359,497,497
227,4012,242,498
312,3408,371,499
324,7785,147,500
317,8448,70,501
1220,3855,360,502
318,6761,395,503
623,8525,500,504
623,3542,478,505
403,1455,564,506
525,8106,1293,507
721,3281,620,508
919,5233,1385,509
123,8463,688,510
1107,337,264,511
505,3537,800,512
1012,8327,411,513
517,116,665,514
1208,42,249,515
312,1855,375,516
917,1356,532,517
1205,216,957,518
718,8834,268,519
909,1556,219,520
1228,2275,521,521
1009,6306,1257,522
915,8041,112,523
321,8109,1339,524
710,6745,1135,525
420,8408,566,526
226,6054,249,527
510,7817,439,528
428,656,767,529
1007,8073,462,530
416,3282,824,531
705,6583,106,532
707,3135,264,533
221,2225,291,534
720,4364,449,535
508,1403,105,536
929,6753,586,537
522,2641,343,538
303,6842,1330,539
1125,1621,336,540
1109,163,633,541
321,6517,879,542
1015,422,1186,543
615,3282,106,544
102,3032,129,545
318,7244,448,546
509,1957,301,547
906,2431,821,548
1017,7252,190,549
223,8222,704,550
916,4405,341,551
317,8349,118,552
710,2942,1020,553
809,6744,269,554
204,7167,161,555
704,6716,1326,556
704,6838,1344,557
227,1862,465,558
1008,2364,1152,559
705,5234,273,560
1226,1408,306,561
924,6365,827,562
210,486,411,563
208,704,166,564
1020,335,760,565
915,7323,308,566
1016,233,66,567
312,1036,289,568
305,2456,1550,569
304,3367,1351,570
425,1578,295,571
1007,3368,460,572
1225,3581,1654,573
914,6263,66,574
1110,2043,1339,575
605,6765,251,576
726,627,485,577
416,3322,1395,578
1021,8501,870,579
1121,2733,1120,580
504,7806,382,581
311,52,160,582
805,3902,1290,583
912,6567,731,584
218,5538,918,585
411,8001,14,586
122,5266,396,587
825,3358,128,588
1026,8216,793,589
403,6417,419,590
625,4126,795,591
204,575,152,592
406,5332,1318,593
1109,5338,764,594
1023,261,296,595
616,5103,292,596
1112,1354,346,597
417,150,1382,598
718,6546,279,599
1002,5262,976,600
831,6526,173,601
1028,341,171,602
827,2804,315,603
1016,5513,54,604
1006,3667,314,605
1210,6831,508,606
915,8151,351,607
821,1761,383,608
126,2005,107,609
413,3547,379,610
707,1843,392,611
313,59,558,612
622,2855,210,613
319,9301,451,614
311,2664,15,615
528,4114,506,616
411,1193,1361,617
219,7209,1375,618
825,808,257,619
610,7863,218,620
302,4354,736,621
1114,4202,344,622
701,6574,302,623
606,8279,525,624
406,2446,74,625
318,5832,113,626
1106,8033,59,627
307,6129,595,628
517,7631,521,629
828,1311,523,630
312,3546,360,631
330,5353,378,632
1114,6303,685,633
614,375,724,634
116,8300,402,635
620,1742,883,636
615,5536,180,637
209,1803,374,638
111,3638,627,639
107,1131,1319,640
419,1783,255,641
623,1317,417,642
1105,1282,66,643
120,1742,175,644
102,2561,140,645
218,4105,765,646
710,8618,759,647
704,6564,1454,648
129,994,587,649
927,4011,232,650
1216,6087,674,651
305,4368,281,652
531,3412,1129,653
513,7416,1345,654
425,6601,460,655
921,5206,228,656
314,8151,715,657
207,1482,667,658
304,1965,86,659
902,1972,1477,660
1216,5307,548,661
625,6409,1053,662
313,8214,412,663
212,558,1094,664
207,6171,1381,665
1206,7313,944,666
831,3608,1356,667
425,3414,201,668
916,7706,352,669
605,2557,313,670
410,778,595,671
1211,8085,622,672
1121,5409,981,673
702,5623,610,674
828,6513,895,675
627,263,187,676
1125,2932,309,677
927,6500,240,678
312,5364,374,679
1018,6001,443,680
526,461,106,681
1009,478,1038,682
1022,3915,149,683
518,3883,1040,684
1202,1561,172,685
226,4147,266,686
814,142,148,687
816,8351,517,688
503,4216,147,689
1017,608,272,690
724,1203,130,691
416,6832,1383,692
1129,4152,37,693
1025,3243,535,694
603,8501,1319,695
724,8202,273,696
1228,8332,510,697
1026,3648,660,698
815,7142,337,699
225,2569,1536,700
1123,8886,124,701
811,1963,620,702
606,3132,310,703
505,3135,704,704
1030,99,233,705
1030,7311,251,706
403,8048,575,707
1205,1655,840,708
1109,4436,471,709
1206,8338,1176,710
219,4419,6,711
1016,4353,60,712
219,4621,1134,713
1226,2622,275,714
716,2648,1537,715
817,8232,1305,716
429,7214,180,717
1128,3286,1610,718
326,1192,497,719
205,1486,411,720
1118,7172,178,721
921,744,219,722
1111,7204,1359,723
918,1408,648,724
319,4174,475,725
508,2153,1418,726
628,8286,398,727
314,347,680,728
609,2707,155,729
606,2303,352,730
728,2464,1368,731
1117,103,1385,732
313,3166,378,733
218,2104,1027,734
402,508,419,735
424,8473,104,736
526,3127,104,737
531,6848,1012,738
1016,3945,1843,739
924,400,1318,740
518,6031,893,741
227,3882,428,742
803,1926,333,743
1015,759,1176,744
430,939,136,745
829,7754,1144,746
418,3313,216,747
215,4326,140,748
622,621,370,749
1107,4165,260,750
424,3571,132,751
326,26,791,752
223,8552,681,753
1110,3707,1346,754
725,7325,288,755
228,4523,748,756
809,1339,399,757
625,1783,815,758
716,405,54,759
620,6202,21,760
708,6087,512,761
1001,2242,589,762
1002,6323,580,763
1129,5535,193,764
719,6824,321,765
1024,3366,286,766
914,2511,253,767
816,3941,818,768
902,3658,1781,769
1118,1966,256,770
211,6184,432,771
320,8280,629,772
409,6325,755,773
806,2209,948,774
1012,1408,365,775
523,3727,612,776
104,3862,499,777
718,3515,268,778
423,8005,117,779
1118,1863,182,780
907,406,1390,781
1002,1278,1325,782
1129,7743,161,783
228,3123,425,784
930,4207,1233,785
825,446,119,786
1106,6432,290,787
218,1744,801,788
221,8076,374,789
603,8008,108,790
621,8323,129,791
408,4217,302,792
1125,1249,477,793
721,3766,745,794
1230,7735,1359,795
813,7227,109,796
625,1909,1400,797
905,1371,544,798
423,537,1457,799
527,181,328,800
1031,5624,568,801
314,813,693,802
709,716,502,803
619,342,759,804
1110,3978,1349,805
301,1929,582,806
804,8085,960,807
223,3935,673,808
410,5662,1126,809
1005,6216,284,810
903,5623,270,811
1016,6229,244,812
705,6235,81,813
1114,3575,717,814
923,3836,428,815
520,8022,21,816
921,6332,216,817
1116,401,1053,818
517,746,656,819
916,7881,337,820
1014,8081,712,821
1003,3555,973,822
731,6355,421,823
925,212,952,824
1106,6452,246,825
1011,183,171,826
904,6226,156,827
929,8601,1000,828
206,3308,667,829
924,8178,956,830
528,1559,477,831
415,2229,827,832
1117,1463,170,833
731,8187,368,834
817,2801,651,835
927,721,468,836
703,3822,577,837
220,6014,346,838
1224,1256,1299,839
1023,6004,202,840
1011,1814,377,841
402,8236,299,842
426,2570,340,843
1004,896,81,844
716,3153,1395,845
727,1748,780,846
1109,1645,649,847
624,2436,554,848
509,2042,310,849
329,895,1615,850
1119,3168,321,851
514,738,126,852
511,3164,422,853
1126,1428,333,854
1215,7882,205,855
531,4122,1377,856
316,8853,1308,857
419,8458,398,858
912,235,731,859
326,1172,534,860
1029,7506,238,861
1117,7423,178,862
1121,1604,991,863
207,2562,1053,864
929,8130,619,865
904,3904,208,866
1203,8083,496,867
530,1200,886,868
918,729,1359,869
1021,5538,885,870
1026,4165,828,871
306,6364,315,872
614,6585,1293,873
317,8831,1321,874
105,8023,551,875
1224,2416,1326,876
327,4671,1394,877
1120,2566,619,878
416,8338,1317,879
705,316,1315,880
804,4615,489,881
811,1575,608,882
522,761,548,883
1223,3281,738,884
1127,3114,1361,885
1110,8049,1358,886
817,6205,1160,887
908,1216,49,888
914,688,253,889
330,3747,365,890
1007,2666,333,891
628,2178,245,892
522,7207,352,893
822,4327,588,894
205,6632,524,895
420,8891,592,896
316,3675,68,897
323,8091,294,898
929,3212,910,899
1022,1249,2,900
218,4306,908,901
612,6336,616,902
212,2456,974,903
720,3445,583,904
830,1834,1242,905
821,7255,410,906
512,1833,625,907
1009,3536,1354,908
1128,8003,1302,909
712,1656,219,910
403,2827,376,911
326,3512,683,912
209,42,171,913
1105,3441,1320,914
812,8357,1882,915
122,1632,400,916
1217,5253,931,917
603,3884,151,918
907,6607,810,919
820,8496,238,920
1109,1432,502,921
217,2389,652,922
112,5374,864,923
407,3103,253,924
415,8203,541,925
209,2204,1608,926
1007,8871,652,927
212,1413,609,928
730,3968,251,929
521,506,372,930
402,6084,379,931
418,4012,112,932
106,2368,826,933
327,8272,816,934
1221,5152,373,935
624,4021,483,936
314,740,715,937
813,7633,112,938
321,607,877,939
719,1187,428,940
817,8416,1386,941
421,7752,872,942
712,232,230,943
705,1601,124,944
820,846,190,945
805,3968,1400,946
1208,2632,262,947
705,8124,103,948
322,6559,1370,949
611,1125,295,950
805,7318,552,951
418,8073,158,952
214,1704,1857,953
608,1307,891,954
609,4356,1399,955
123,1574,431,956
824,2347,1314,957
210,135,230,958
609,8105,29,959
1003,29,2759,960
717,2161,1302,961
1117,169,162,962
205,5201,518,963
228,3153,451,964
1115,3815,527,965
106,8087,707,966
916,1119,492,967
529,607,645,968
102,2935,19,969
1030,1402,459,970
824,3819,1310,971
112,513,1321,972
325,5153,204,973
302,1041,686,974
531,2175,879,975
509,2254,254,976
1111,3861,1356,977
308,1222,662,978
225,4103,1395,979
811,3531,600,980
410,7721,890,981
311,3581,25,982
701,5327,439,983
714,1726,710,984
421,1465,563,985
715,8393,667,986
912,2827,1090,987
910,8071,423,988
1121,8141,857,989
911,6623,581,990
405,5534,1178,991
1211,5155,985,992
301,3449,573,993
209,932,156,994
921,1229,236,995
621,3244,140,996
1116,406,1271,997
229,2057,871,998
322,7164,1004,999
1125,6605,522,1000
611,3308,225,1001
829,1007,1250,1002
328,1476,181,1003
302,4602,612,1004
1106,676,287,1005
1129,3125,218,1006
829,1153,882,1007
816,6324,533,1008
913,1318,1193,1009
726,2416,539,1010
523,3775,436,1011
516,1854,336,1012
829,324,517,1013
1028,1657,196,1014
1120,2209,456,1015
804,8021,730,1016
226,3536,112,1017
715,4236,1183,1018
727,8093,653,1019
409,2858,594,1020
312,1802,176,1021
229,935,890,1022
1108,96,475,1023
1021,3445,1231,1024
903,6821,121,1025
623,1722,487,1026
510,2207,316,1027
614,3861,1324,1028
1116,2028,710,1029
228,3451,633,1030
1102,6611,550,1031
512,6206,982,1032
1231,8335,5,1033
212,3845,603,1034
1006,991,396,1035
806,2458,1332,1036
720,6434,618,1037
614,335,1078,1038
604,2151,329,1039
209,4623,238,1040
411,156,11,1041
523,8885,733,1042
1027,1762,948,1043
1024,5218,218,1044
507,2616,1303,1045
420,983,307,1046
204,2149,259,1047
322,2166,127,1048
125,7824,1309,1049
216,3041,309,1050
913,6634,1315,1051
807,1103,61,1052
1112,4265,273,1053
115,8187,277,1054
214,3046,1326,1055
705,3572,76,1056
728,3887,1262,1057
405,1823,1065,1058
810,2662,466,1059
708,2619,525,1060
619,4446,507,1061
927,8854,281,1062
617,6010,304,1063
730,431,227,1064
1114,2659,366,1065
1104,2602,1074,1066
1003,3415,1340,1067
907,6324,943,1068
908,5602,30,1069
510,2153,575,1070
322,2012,1007,1071
1101,800,421,1072
301,1433,301,1073
908,2366,183,1074
608,2718,784,1075
801,501,205,1076
718,1358,266,1077
805,327,554,1078
524,5201,1085,1079
712,3006,353,1080
708,314,519,1081
116,5325,463,1082
628,191,390,1083
214,1121,250,1084
227,2538,307,1085
903,5226,138,1086
721,4515,870,1087
402,1861,233,1088
914,6243,257,1089
804,4336,690,1090
824,142,80,1091
526,5125,127,1092
128,983,478,1093
807,7722,43,1094
920,6146,1379,1095
716,164,814,1096
215,3463,268,1097
710,3787,1696,1098
209,668,152,1099
506,1347,1059,1100
1009,3576,1375,1101
1114,1264,547,1102
308,4003,920,1103
222,4113,673,1104
506,1320,946,1105
927,50,446,1106
922,2403,340,1107
104,2516,489,1108
1122,1734,1345,1109
218,4116,507,1110
209,895,378,1111
1031,1367,587,1112
1129,8095,242,1113
106,26,945,1114
221,6832,204,1115
223,7822,546,1116
1005,744,271,1117
1018,6119,454,1118
518,562,768,1119
1024,8403,208,1120
925,5524,1749,1121
1212,6944,1343,1122
707,2626,287,1123
915,2171,270,1124
929,514,758,1125
916,5163,290,1126
427,346,502,1127
813,1435,165,1128
209,2057,176,1129
1026,3554,1060,1130
320,8034,771,1131
104,6208,496,1132
603,8393,122,1133
915,4701,256,1134
309,3787,802,1135
911,3243,415,1136
105,2725,679,1137
331,3502,367,1138
307,6462,328,1139
707,2356,264,1140
1230,1242,1372,1141
410,4129,773,1142
916,7634,508,1143
812,2278,983,1144
218,9422,889,1145
929,3627,636,1146
906,818,944,1147
813,3014,1336,1148
714,5359,406,1149
126,749,185,1150
1113,6731,488,1151
317,1348,120,1152
614,328,730,1153
210,6133,399,1154
612,539,401,1155
424,7125,136,1156
502,4335,166,1157
1211,8378,993,1158
128,7646,397,1159
218,459,644,1160
412,2338,1331,1161
807,6532,230,1162
1115,5365,551,1163
311,898,151,1164
601,8158,990,1165
131,5135,1127,1166
221,1261,211,1167
929,1053,771,1168
628,1641,372,1169
1007,1706,476,1170
317,3945,108,1171
409,1843,452,1172
616,3219,101,1173
1207,7113,42,1174
215,3002,286,1175
1117,8352,169,1176
728,7242,808,1177
108,1090,229,1178
331,5244,393,1179
427,2352,777,1180
818,1578,178,1181
605,8218,345,1182
1006,1608,467,1183
1211,2163,1225,1184
513,3856,1355,1185
506,1181,657,1186
615,1172,138,1187
123,7167,564,1188
611,917,389,1189
1206,8881,1284,1190
719,5100,374,1191
915,156,343,1192
108,5111,52,1193
805,895,561,1194
1109,1700,504,1195
828,7325,514,1196
721,4331,902,1197
1004,6130,2632,1198
904,2479,271,1199
917,1534,646,1200
416,5464,677,1201
813,8041,272,1202
807,8108,238,1203
1108,7413,445,1204
318,1222,394,1205
1111,3462,1353,1206
214,8339,2616,1207
610,1106,167,1208
309,1739,1359,1209
317,3285,58,1210
910,619,192,1211
1026,2832,541,1212
612,254,580,1213
1123,1954,123,1214
420,7842,362,1215
407,6507,317,1216
309,963,1371,1217
425,8501,310,1218
504,3577,216,1219
322,3035,1100,1220
403,869,573,1221
530,1125,1349,1222
602,1204,1360,1223
328,8195,49,1224
1127,1192,1365,1225
214,8313,1302,1226
702,5521,574,1227
409,7645,326,1228
917,2478,503,1229
522,2012,445,1230
313,2408,412,1231
612,1909,407,1232
528,8295,466,1233
508,6010,231,1234
210,3622,455,1235
104,8265,496,1236
626,8106,1304,1237
611,5228,557,1238
1104,6446,1079,1239
927,997,306,1240
803,3917,351,1241
426,6402,511,1242
305,7126,187,1243
108,982,2296,1244
328,2847,1045,1245
612,2403,419,1246
118,6733,802,1247
1025,3617,701,1248
823,6615,855,1249
306,3704,287,1250
1025,2647,704,1251
327,3851,945,1252
416,2,827,1253
308,150,464,1254
1122,8293,1340,1255
1206,631,1172,1256
914,4449,1336,1257
908,2371,47,1258
827,4532,311,1259
210,2405,180,1260
1230,8444,1371,1261
1129,1457,300,1262
1113,5208,367,1263
209,8261,213,1264
911,5100,626,1265
405,1466,1316,1266
520,5539,1383,1267
615,6218,1316,1268
1027,6847,55,1269
904,7709,201,1270
715,3608,1067,1271
426,4179,456,1272
913,917,1319,1273
409,6216,450,1274
1127,2064,783,1275
620,1811,1369,1276
619,541,905,1277
511,1606,568,1278
814,1636,274,1279
629,1006,598,1280
529,30,637,1281
215,1735,353,1282
409,223,634,1283
617,3533,459,1284
1014,8047,960,1285
626,5653,64,1286
1206,3046,1330,1287
504,3358,414,1288
504,4129,348,1289
921,406,147,1290
727,5217,791,1291
1025,903,673,1292
1013,4516,494,1293
328,2451,35,1294
720,2500,768,1295
427,6008,507,1296
508,5622,1303,1297
125,6316,1334,1298
719,5654,323,1299
428,8868,1361,1300
1202,7311,294,1301
706,30,58,1302
417,1452,1524,1303
514,8441,143,1304
1223,2479,861,1305
427,2031,656,1306
312,8728,416,1307
213,4276,962,1308
509,181,261,1309
1026,1825,816,1310
415,6233,496,1311
211,6636,572,1312
211,8219,589,1313
728,8873,932,1314
909,1936,185,1315
407,6118,386,1316
1102,214,362,1317
910,5224,451,1318
204,99,156,1319
519,8561,1358,1320
923,8330,543,1321
905,8266,495,1322
729,3954,1372,1323
830,5161,1352,1324
913,2202,1317,1325
511,8077,400,1326
1123,2531,272,1327
103,8065,162,1328
501,625,9,1329
716,1755,1061,1330
129,1055,650,1331
614,4233,965,1332
418,3366,2221,1333
117,3021,521,1334
705,8456,1320,1335
118,912,817,1336
1104,2100,1193,1337
1125,6366,345,1338
526,2637,124,1339
1220,5231,372,1340
1114,3339,497,1341
926,7462,107,1342
324,8139,496,1343
214,787,88,1344
424,107,147,1345
904,5513,288,1346
817,4121,703,1347
225,4265,61,1348
523,8429,540,1349
1217,3553,793,1350
516,3222,509,1351
1021,1935,1012,1352
324,8490,296,1353
529,726,762,1354
521,3414,351,1355
1121,101,1097,1356
812,2178,1005,1357
329,53,33,1358
1101,3122,376,1359
508,6020,167,1360
205,4146,205,1361
525,1846,1317,1362
1121,6822,1224,1363
617,1333,594,1364
309,6110,892,1365
110,163,396,1366
606,8003,516,1367
1008,2189,521,1368
209,3207,159,1369
1030,2841,450,1370
1023,6106,363,1371
401,1052,172,1372
1128,4214,920,1373
719,8314,316,1374
529,5261,626,1375
1015,173,1331,1376
1013,206,442,1377
907,203,943,1378
304,376,1561,1379
921,3202,214,1380
1127,8603,1156,1381
1108,7414,450,1382
101,1624,1375,1383
827,1053,476,1384
816,6833,788,1385
318,6303,310,1386
429,1417,158,1387
319,8878,305,1388
909,98,181,1389
429,3833,1245,1390
1214,99,334,1391
715,3448,679,1392
1228,216,482,1393
807,8400,1304,1394
417,3285,182,1395
708,465,508,1396
401,8420,161,1397
411,2624,131,1398
222,1340,488,1399
520,8126,143,1400
324,1227,483,1401
605,5536,495,1402
924,906,835,1403
406,711,125,1404
1110,6802,888,1405
323,1951,113,1406
1122,3135,1365,1407
629,928,393,1408
416,4135,793,1409
730,67,167,1410
225,823,1319,1411
607,1607,640,1412
210,4104,375,1413
809,8348,385,1414
1228,2570,521,1415
1109,8142,896,1416
823,3871,721,1417
531,1201,1591,1418
702,4353,602,1419
1017,918,109,1420
906,5218,814,1421
926,8233,123,1422
1015,7151,1314,1423
214,7881,1858,1424
510,7764,610,1425
630,2238,874,1426
427,3334,926,1427
225,6812,188,1428
724,4416,332,1429
725,3165,520,1430
607,4513,528,1431
618,8861,888,1432
612,2312,389,1433
714,2315,673,1434
318,2378,305,1435
220,1946,136,1436
916,2539,521,1437
228,5671,460,1438
525,8340,1347,1439
208,5644,1365,1440
708,3438,511,1441
1108,1472,475,1442
824,2755,1347,1443
416,4115,677,1444
829,1343,650,1445
806,3431,1328,1446
229,3172,594,1447
705,1738,78,1448
511,1845,419,1449
319,1185,459,1450
821,2734,303,1451
510,536,251,1452
1120,4315,400,1453
329,7681,226,1454
1013,3673,700,1455
317,4603,47,1456
730,8154,212,1457
502,1439,1477,1458
510,5514,377,1459
1031,74,449,1460
1024,5652,219,1461
418,249,103,1462
504,7721,207,1463
311,1467,151,1464
712,5606,294,1465
606,5252,473,1466
1114,5401,367,1467
105,5162,714,1468
918,1473,1042,1469
922,1194,367,1470
1208,2315,273,1471
628,6093,399,1472
223,3047,675,1473
524,2361,713,1474
714,3327,407,1475
506,942,786,1476
1014,3031,702,1477
611,2642,292,1478
1026,7862,941,1479
803,2522,420,1480
1003,6072,1102,1481
530,4001,590,1482
329,1963,190,1483
202,1128,136,1484
1119,6032,318,1485
207,942,807,1486
514,8179,144,1487
1006,3756,330,1488
203,8147,110,1489
111,6447,431,1490
608,4413,924,1491
1104,7641,1080,1492
701,9,380,1493
1007,4324,522,1494
219,58,147,1495
912,6752,568,1496
413,7757,226,1497
528,4218,471,1498
506,8135,798,1499
206,7144,489,1500
604,961,0,1501
905,6050,498,1502
1018,8157,464,1503
921,1542,373,1504
910,8541,382,1505
110,3974,393,1506
802,1783,390,1507
204,1381,203,1508
307,4315,400,1509
619,4334,627,1510
219,6608,23,1511
1218,3838,936,1512
813,3344,128,1513
906,8298,1054,1514
125,3336,1340,1515
627,6226,107,1516
911,1531,441,1517
909,641,376,1518
219,8490,1352,1519
1102,5271,353,1520
1021,8617,884,1521
618,4407,461,1522
610,2143,151,1523
904,4165,205,1524
507,1116,1382,1525
324,6607,145,1526
1113,4365,548,1527
704,2564,1298,1528
224,306,833,1529
1111,2754,2984,1530
729,8892,176,1531
921,527,398,1532
913,1428,1190,1533
524,8091,833,1534
213,1759,88,1535
826,6946,140,1536
221,7241,386,1537
616,6256,192,1538
621,898,287,1539
822,7151,854,1540
707,7175,594,1541
203,2245,85,1542
511,7241,861,1543
427,1631,927,1544
907,2481,791,1545
920,2305,15,1546
1122,359,2783,1547
218,662,509,1548
811,8841,869,1549
208,8897,1367,1550
222,3829,366,1551
330,1362,314,1552
611,6327,302,1553
717,673,1312,1554
123,7752,430,1555
716,6274,1173,1556
1120,4446,604,1557
324,3674,370,1558
118,8811,933,1559
202,7138,12,1560
1114,5347,367,1561
308,1733,507,1562
324,4344,159,1563
304,2832,1299,1564
928,351,304,1565
202,2118,985,1566
922,3216,577,1567
609,9422,15,1568
220,276,207,1569
529,8447,765,1570
903,8275,111,1571
1014,2673,551,1572
318,7163,303,1573
709,2936,886,1574
415,2924,546,1575
406,3443,1318,1576
212,8072,1105,1577
1206,2612,1314,1578
817,924,820,1579
629,6130,567,1580
421,3946,438,1581
1122,1301,1334,1582
915,5132,271,1583
816,1204,361,1584
629,8092,309,1585
524,125,856,1586
314,967,410,1587
411,2579,1365,1588
1102,1623,397,1589
427,6566,513,1590
1106,6807,131,1591
928,5716,450,1592
901,1320,1341,1593
1018,3412,397,1594
221,5305,225,1595
919,3947,1391,1596
412,6766,121,1597
307,768,337,1598
1016,870,237,1599
425,5128,288,1600
304,3115,98,1601
726,5506,492,1602
1205,1187,946,1603
917,3154,919,1604
325,8167,348,1605
129,2274,480,1606
1028,3729,1313,1607
515,8328,336,1608
1123,3744,81,1609
918,6735,807,1610
1019,402,514,1611
825,3466,200,1612
224,1215,946,1613
119,8544,2158,1614
605,4435,341,1615
616,6009,259,1616
408,3526,483,1617
328,8137,1413,1618
317,8032,195,1619
109,6060,244,1620
1116,1218,1381,1621
1010,1654,1493,1622
603,7713,82,1623
428,3611,1387,1624
421,116,421,1625
608,8374,811,1626
514,5365,117,1627
310,6804,149,1628
211,117,441,1629
204,174,345,1630
1001,825,563,1631
1213,7822,122,1632
1202,2658,210,1633
1229,657,650,1634
216,4223,302,1635
1009,1155,1380,1636
820,8164,212,1637
1108,266,481,1638
416,1224,1385,1639
704,1535,68,1640
126,959,192,1641
301,2425,397,1642
1013,5102,423,1643
523,5416,419,1644
815,5354,348,1645
904,3158,294,1646
217,906,918,1647
317,5502,1532,1648
802,4015,376,1649
628,5338,310,1650
424,1852,133,1651
711,8893,1488,1652
810,312,570,1653
904,1063,362,1654
822,73,726,1655
1219,1037,185,1656
717,3801,1388,1657
208,1654,38,1658
514,6106,279,1659
727,1012,508,1660
1125,1476,477,1661
1118,4414,102,1662
210,6515,429,1663
113,8431,1339,1664
327,3637,1269,1665
522,2044,420,1666
219,1825,1369,1667
1019,2107,444,1668
823,1731,979,1669
506,2495,669,1670
225,1902,56,1671
514,5406,142,1672
1230,2601,1359,1673
511,247,452,1674
408,4405,459,1675
209,314,169,1676
1026,4227,665,1677
912,7663,621,1678
912,6824,1338,1679
1211,7857,882,1680
228,1935,510,1681
1110,7518,764,1682
622,1582,230,1683
1228,951,516,1684
907,272,932,1685
402,454,240,1686
816,6742,546,1687
507,1607,817,1688
804,1328,676,1689
1207,2376,197,1690
331,3463,429,1691
1010,2178,160,1692
1007,8037,808,1693
213,7842,1083,1694
528,1031,247,1695
411,3579,1348,1696
924,3608,1396,1697
1124,4313,313,1698
517,5537,653,1699
426,6524,639,1700
306,3702,323,1701
211,8851,400,1702
926,8221,52,1703
909,2747,210,1704
715,6333,559,1705
309,2535,654,1706
511,4107,590,1707
1106,7323,122,1708
207,874,702,1709
223,601,414,1710
1115,3107,547,1711
514,2477,90,1712
812,1590,1353,1713
322,8442,992,1714
228,2555,755,1715
1127,8278,813,1716
902,253,128,1717
530,8055,765,1718
1003,6159,1339,1719
611,5106,380,1720
808,914,235,1721
313,6567,494,1722
1108,3253,771,1723
1025,3426,798,1724
1026,1276,947,1725
912,2036,862,1726
908,6272,162,1727
801,2491,159,1728
1011,8463,161,1729
1103,8844,740,1730
924,79,958,1731
617,7782,318,1732
917,6228,768,1733
207,8413,1315,1734
1018,551,316,1735
1030,4008,313,1736
624,2149,716,1737
1215,8372,319,1738
423,3518,126,1739
616,2716,322,1740
630,7207,739,1741
727,1287,641,1742
123,2247,712,1743
1009,1045,1369,1744
727,3123,1040,1745
817,874,783,1746
210,6155,193,1747
1103,2100,437,1748
302,8216,697,1749
826,3125,254,1750
122,437,390,1751
222,923,367,1752
930,8136,748,1753
210,1235,241,1754
1217,1472,668,1755
1112,8362,147,1756
927,1366,303,1757
1018,6804,384,1758
731,837,394,1759
608,7643,774,1760
423,4242,71,1761
1115,2221,657,1762
929,2136,754,1763
420,1024,310,1764
611,7831,448,1765
1218,2107,1261,1766
410,5617,635,1767
306,4208,304,1768
913,1473,1324,1769
829,8266,893,1770
421,6311,604,1771
913,1138,1345,1772
801,8072,180,1773
922,117,352,1774
328,8447,1625,1775
1106,2344,187,1776
323,877,130,1777
225,3282,53,1778
1127,7746,896,1779
814,2677,268,1780
610,4372,140,1781
1001,984,592,1782
1018,2262,472,1783
308,4256,519,1784
813,707,325,1785
1013,464,363,1786
714,1871,714,1787
206,4308,408,1788
718,144,377,1789
212,8109,1087,1790
1129,2922,21,1791
819,1240,260,1792
712,4213,204,1793
1003,2831,975,1794
904,3539,268,1795
1228,1255,598,1796
1119,2638,305,1797
612,1754,406,1798
904,6225,480,1799
821,125,383,1800
413,1003,273,1801
304,1449,1325,1802
1104,3337,1080,1803
724,8191,296,1804
303,1475,719,1805
703,335,569,1806
513,1113,108,1807
1024,7859,532,1808
906,762,678,1809
627,3734,173,1810
1027,7227,1314,1811
1029,8012,238,1812
1020,8312,1134,1813
727,8615,930,1814
1009,742,1507,1815
1111,3729,144,1816
1014,6141,726,1817
722,7216,738,1818
803,3500,555,1819
820,8098,205,1820
509,6031,304,1821
525,6330,1396,1822
1225,2061,74,1823
404,6731,685,1824
309,874,1040,1825
909,5533,199,1826
920,2114,218,1827
1015,4217,1305,1828
321,3916,1358,1829
206,3287,701,1830
217,989,922,1831
1118,5303,197,1832
724,823,139,1833
305,3337,193,1834
525,329,1302,1835
528,4347,470,1836
1009,5361,146,1837
1015,1541,833,1838
222,8198,495,1839
123,564,607,1840
1219,2238,30,1841
716,5321,943,1842
910,5183,309,1843
327,4414,786,1844
607,8215,800,1845
828,8129,589,1846
702,5406,428,1847
311,208,237,1848
909,7241,171,1849
730,2565,365,1850
710,651,1355,1851
902,7853,1221,1852
1023,8348,132,1853
617,1319,513,1854
815,8495,324,1855
713,30,379,1856
1030,7154,431,1857
812,4451,1214,1858
711,2147,144,1859
819,7101,176,1860
908,6573,1155,1861
1211,8435,760,1862
404,5533,959,1863
204,5206,160,1864
719,8100,245,1865
915,461,124,1866
1120,469,418,1867
323,6516,217,1868
602,1951,1223,1869
1025,25,406,1870
325,5303,530,1871
508,2164,179,1872
526,2513,65,1873
626,5835,52,1874
1113,7242,424,1875
601,65,867,1876
224,1612,828,1877
613,383,739,1878
1020,8829,752,1879
209,3037,195,1880
608,6205,1363,1881
826,2219,353,1882
611,8124,246,1883
314,1358,605,1884
410,6253,741,1885
529,4214,523,1886
1227,3821,329,1887
1122,683,1352,1888
617,6845,476,1889
1008,6612,802,1890
227,7752,314,1891
519,5652,1042,1892
1130,7402,174,1893
1227,71,323,1894
229,8188,622,1895
820,3868,235,1896
622,573,167,1897
918,1178,768,1898
1023,8064,218,1899
728,307,784,1900
329,6073,1412,1901
1204,6552,418,1902
1229,6771,658,1903
720,5208,424,1904
414,2323,202,1905
502,816,155,1906
1008,5644,805,1907
617,1402,467,1908
817,6162,1052,1909
1016,257,69,1910
123,6564,574,1911
429,1409,1351,1912
602,1865,855,1913
308,1926,893,1914
520,8282,142,1915
902,6735,128,1916
202,1484,1004,1917
609,5264,1139,1918
220,2625,1374,1919
216,7622,269,1920
416,1028,815,1921
219,2615,180,1922
1229,8089,776,1923
724,2446,94,1924
310,1716,12,1925
316,8555,2419,1926
1206,2655,953,1927
801,5303,173,1928
1201,151,175,1929
809,931,265,1930
1104,8369,1069,1931
401,4153,299,1932
616,8481,319,1933
923,8228,855,1934
401,6031,166,1935
1010,8446,183,1936
424,1260,1450,1937
208,1186,1374,1938
1006,6104,325,1939
513,6120,1770,1940
902,2246,90,1941
1026,7636,824,1942
531,8265,2998,1943
716,5403,958,1944
814,2253,139,1945
305,1367,140,1946
1020,5535,619,1947
620,3542,1373,1948
528,1815,313,1949
710,3123,9,1950
726,8474,345,1951
908,6031,1258,1952
902,77,1336,1953
829,5414,762,1954
225,3625,69,1955
1017,2231,118,1956
127,8287,270,1957
613,6741,737,1958
723,5313,126,1959
1124,2102,255,1960
315,7662,705,1961
1106,1165,1538,1962
429,8828,184,1963
1025,4107,474,1964
705,8805,1649,1965
208,227,166,1966
408,622,311,1967
820,2634,220,1968
909,4013,181,1969
711,385,7,1970
1002,1951,1003,1971
1110,7402,1387,1972
1112,7781,142,1973
603,8110,94,1974
112,4323,733,1975
1113,1195,343,1976
607,3909,669,1977
121,237,228,1978
612,3725,442,1979
421,7318,615,1980
711,1248,1491,1981
526,3921,1330,1982
322,6762,1364,1983
1023,7541,115,1984
312,5671,394,1985
816,8108,706,1986
610,84,185,1987
1228,5138,511,1988
1018,3847,324,1989
202,1441,1360,1990
1011,2102,223,1991
408,5143,310,1992
624,8052,408,1993
505,4177,358,1994
1111,228,13,1995
1123,3035,85,1996
1105,4318,841,1997
917,5164,814,1998
216,3416,264,1999
220,2476,16,2000
